  -2.3012000000000001        589.68142111115287     
  -2.2970999999999999        565.81620769094286     
  -2.2930999999999999        491.86449981752185     
  -2.2890000000000001        463.79127380846171     
  -2.2848999999999999        622.69742000431950     
  -2.2808999999999999        633.55824250181593     
  -2.2768000000000002        561.68030773877354     
  -2.2726999999999999        498.05524651950662     
  -2.2686999999999999        506.22526073483868     
  -2.2646000000000002        808.94029679642836     
  -2.2605000000000000        499.68365852749218     
  -2.2564000000000002        151.56153187130863     
  -2.2524000000000002        966.80318175905450     
  -2.2483000000000000        790.84979548039178     
  -2.2442000000000002        70.485427273060566     
  -2.2402000000000002        657.71792921238068     
  -2.2361000000000000        781.91981144921544     
  -2.2320000000000002        460.34644772678809     
  -2.2280000000000002        589.01626717658439     
  -2.2239000000000000        575.43804558313002     
  -2.2198000000000002        618.37277333189923     
  -2.2157000000000000        461.13768333034005     
  -2.2117000000000000        661.27404605248614     
  -2.2075999999999998        861.00723354227148     
  -2.2035000000000000        364.39765414966524     
  -2.1995000000000000        418.62594989198442     
  -2.1953999999999998        516.73611722740964     
  -2.1913000000000000        512.12194559603449     
  -2.1873000000000000        583.06790270506519     
  -2.1831999999999998        237.20167026517913     
  -2.1791000000000000        447.56083255072900     
  -2.1751000000000000        565.21190784290593     
  -2.1709999999999998        482.60906353206377     
  -2.1669000000000000        487.21894496995947     
  -2.1627999999999998        598.71546660538161     
  -2.1587999999999998        443.37230761461700     
  -2.1547000000000001        259.87178040884919     
  -2.1505999999999998        431.26706429659151     
  -2.1465999999999998        408.25241196195151     
  -2.1425000000000001        997.66191756580929     
  -2.1383999999999999        977.52530913017620     
  -2.1343999999999999        720.92677767198666     
  -2.1303000000000001        750.00111570191939     
  -2.1261999999999999        617.78761722130878     
  -2.1221999999999999        731.77788612549887     
  -2.1181000000000001        824.34279468914235     
  -2.1139999999999999        864.04675723124421     
  -2.1099000000000001        931.63347899011512     
  -2.1059000000000001        1086.9590644460318     
  -2.1017999999999999        1029.1019043947251     
  -2.0977000000000001        996.94286296352584     
  -2.0937000000000001        823.05585775782220     
  -2.0895999999999999        743.04905926019615     
  -2.0855000000000001        587.47918075588859     
  -2.0815000000000001        649.95095173361210     
  -2.0773999999999999        511.38441472233990     
  -2.0733000000000001        536.59180009942895     
  -2.0693000000000001        339.69199941842760     
  -2.0651999999999999        460.74046626824628     
  -2.0611000000000002        438.77547435674865     
  -2.0569999999999999        645.41608298152948     
  -2.0529999999999999        638.20979343055183     
  -2.0489000000000002        671.86063938727466     
  -2.0448000000000000        568.43992908631287     
  -2.0407999999999999        529.32171314364950     
  -2.0367000000000002        527.58434821414642     
  -2.0326000000000000        514.35932145055551     
  -2.0286000000000000        598.16214322070812     
  -2.0245000000000002        580.04323795546156     
  -2.0204000000000000        627.83200467469464     
  -2.0164000000000000        554.09798337176346     
  -2.0123000000000002        511.12501497183433     
  -2.0082000000000000        507.72291692480934     
  -2.0041000000000002        527.84491749155620     
  -2.0001000000000002        569.72282365034096     
  -1.9960000000000000        630.14574341480056     
  -1.9919000000000000        606.02561837771361     
  -1.9879000000000000        605.37442091047171     
  -1.9838000000000000        552.02353263405405     
  -1.9797000000000000        558.83995547199720     
  -1.9757000000000000        535.06641397203680     
  -1.9716000000000000        535.59679603153904     
  -1.9675000000000000        523.83993203231933     
  -1.9634000000000000        494.40494287634402     
  -1.9594000000000000        486.38709265308302     
  -1.9553000000000000        492.50570974436175     
  -1.9512000000000000        497.84316605886431     
  -1.9472000000000000        467.89474925804655     
  -1.9431000000000000        460.38859804973964     
  -1.9390000000000001        437.77002526466231     
  -1.9350000000000001        445.76489920751237     
  -1.9309000000000001        439.49295245887134     
  -1.9268000000000001        463.26977573845119     
  -1.9228000000000001        446.10061217810124     
  -1.9187000000000001        441.19532495065454     
  -1.9146000000000001        461.33326373292897     
  -1.9105000000000001        462.89116354725058     
  -1.9065000000000001        518.79106932876186     
  -1.9024000000000001        458.06198387048374     
  -1.8983000000000001        500.03069649776461     
  -1.8943000000000001        499.87498455916227     
  -1.8902000000000001        545.10696777713588     
  -1.8861000000000001        548.28112046743558     
  -1.8821000000000001        520.66666874985754     
  -1.8779999999999999        509.38781811054645     
  -1.8738999999999999        510.96399721083509     
  -1.8698999999999999        564.84950465836721     
  -1.8657999999999999        539.15849560275456     
  -1.8616999999999999        483.47560646792084     
  -1.8575999999999999        398.00243402506692     
  -1.8535999999999999        415.98561621598856     
  -1.8494999999999999        442.13533210071694     
  -1.8453999999999999        447.30822366256746     
  -1.8413999999999999        452.55805717140356     
  -1.8372999999999999        486.88672329422667     
  -1.8331999999999999        526.64317404160681     
  -1.8291999999999999        524.73190135133382     
  -1.8250999999999999        521.37582095662469     
  -1.8210000000000000        454.70868463456196     
  -1.8169999999999999        394.56451926227777     
  -1.8129000000000000        383.39154577263258     
  -1.8088000000000000        433.36474796749275     
  -1.8047000000000000        496.45449127540684     
  -1.8007000000000000        512.70810077281988     
  -1.7966000000000000        502.66162548478144     
  -1.7925000000000000        448.75185554851123     
  -1.7885000000000000        430.69718159688591     
  -1.7844000000000000        480.38880099285450     
  -1.7803000000000000        529.49766522361517     
  -1.7763000000000000        485.11525087954379     
  -1.7722000000000000        394.09839324640404     
  -1.7681000000000000        408.33271376558520     
  -1.7641000000000000        450.34662681107380     
  -1.7600000000000000        522.14092399389995     
  -1.7559000000000000        529.70282119608498     
  -1.7518000000000000        457.44188006580504     
  -1.7478000000000000        510.81110152608960     
  -1.7437000000000000        634.04527139431173     
  -1.7396000000000000        512.89133526215790     
  -1.7356000000000000        329.29899193059282     
  -1.7315000000000000        391.88916800145358     
  -1.7274000000000000        519.64940990105231     
  -1.7234000000000000        512.61751409568478     
  -1.7193000000000001        438.85514997951509     
  -1.7152000000000001        433.11052135104336     
  -1.7112000000000001        495.02797504940571     
  -1.7071000000000001        501.95311551929365     
  -1.7030000000000001        427.61044761872569     
  -1.6989000000000001        408.19500153924065     
  -1.6949000000000001        505.24648165554862     
  -1.6908000000000001        606.28647392042092     
  -1.6867000000000001        584.18211116155044     
  -1.6827000000000001        495.04657292769355     
  -1.6786000000000001        508.73150877418345     
  -1.6745000000000001        601.78586212819619     
  -1.6705000000000001        621.75871001585233     
  -1.6664000000000001        583.43940503948875     
  -1.6623000000000001        582.92049648103841     
  -1.6583000000000001        587.30781525708710     
  -1.6541999999999999        554.95542734525384     
  -1.6500999999999999        557.87166577698304     
  -1.6459999999999999        620.33495564213297     
  -1.6419999999999999        634.76373154958355     
  -1.6378999999999999        604.38004735446702     
  -1.6337999999999999        602.16849038447594     
  -1.6297999999999999        613.87025704094981     
  -1.6256999999999999        604.47272759701752     
  -1.6215999999999999        576.17807006123076     
  -1.6175999999999999        567.64453330682591     
  -1.6134999999999999        589.27834952610408     
  -1.6093999999999999        597.91844692647112     
  -1.6053999999999999        576.34802776222352     
  -1.6012999999999999        580.38551084159667     
  -1.5972000000000000        597.37575242930052     
  -1.5931000000000000        586.17752960614962     
  -1.5891000000000000        579.97254407701166     
  -1.5850000000000000        605.69944234419768     
  -1.5809000000000000        631.97326768816970     
  -1.5769000000000000        659.48453549409385     
  -1.5728000000000000        706.15546035534851     
  -1.5687000000000000        766.69299653381734     
  -1.5647000000000000        837.94474353242526     
  -1.5606000000000000        905.83339284788269     
  -1.5565000000000000        933.97620611299703     
  -1.5524000000000000        909.74772288024974     
  -1.5484000000000000        887.76787104530183     
  -1.5443000000000000        895.58277642778182     
  -1.5402000000000000        879.53193673200622     
  -1.5362000000000000        865.80312937877170     
  -1.5321000000000000        878.55164971053262     
  -1.5280000000000000        856.15830281230910     
  -1.5240000000000000        816.57599824834688     
  -1.5199000000000000        806.23096774417729     
  -1.5158000000000000        787.91500875011843     
  -1.5118000000000000        788.16785647957363     
  -1.5077000000000000        807.65269640727422     
  -1.5036000000000000        791.03293825868172     
  -1.4995000000000001        757.46449506064107     
  -1.4955000000000001        742.10012313327718     
  -1.4914000000000001        744.17584023167728     
  -1.4873000000000001        802.14583813825163     
  -1.4833000000000001        909.18150180749569     
  -1.4792000000000001        1014.4522698614999     
  -1.4751000000000001        1093.7623605721935     
  -1.4711000000000001        1187.0733792556528     
  -1.4670000000000001        1325.2881729442777     
  -1.4629000000000001        1460.0973363815056     
  -1.4589000000000001        1546.7998190246303     
  -1.4548000000000001        1549.0382556743050     
  -1.4507000000000001        1462.1090852618586     
  -1.4466000000000001        1348.8132398679381     
  -1.4426000000000001        1267.0379173910867     
  -1.4384999999999999        1236.9491342718723     
  -1.4343999999999999        1236.6145537469320     
  -1.4303999999999999        1227.6246775844613     
  -1.4262999999999999        1199.8633668635359     
  -1.4221999999999999        1162.1912884210076     
  -1.4181999999999999        1121.9246197655129     
  -1.4140999999999999        1092.3617117983440     
  -1.4099999999999999        1078.2985953640612     
  -1.4059999999999999        1062.8855881650193     
  -1.4018999999999999        1043.3840618251575     
  -1.3977999999999999        1014.7334331650459     
  -1.3936999999999999        984.96715668464515     
  -1.3896999999999999        972.98831958880328     
  -1.3855999999999999        989.79242926686823     
  -1.3815000000000000        1021.2016830995617     
  -1.3774999999999999        1060.9975738149560     
  -1.3734000000000000        1143.3170040019693     
  -1.3693000000000000        1289.1111646289326     
  -1.3653000000000000        1455.6611278402440     
  -1.3612000000000000        1579.0381006142459     
  -1.3571000000000000        1614.6156133362456     
  -1.3531000000000000        1547.8729479276292     
  -1.3490000000000000        1417.0242910231952     
  -1.3449000000000000        1268.7483311863668     
  -1.3408000000000000        1164.4303924980131     
  -1.3368000000000000        1134.7015083582132     
  -1.3327000000000000        1132.9278868190404     
  -1.3286000000000000        1110.2909887456508     
  -1.3246000000000000        1082.6850557404837     
  -1.3205000000000000        1078.7033448187199     
  -1.3164000000000000        1079.9685137450269     
  -1.3124000000000000        1050.6652623972864     
  -1.3083000000000000        1002.7781640779706     
  -1.3042000000000000        957.16140602445694     
  -1.3001000000000000        922.49882410070643     
  -1.2961000000000000        899.82500613339823     
  -1.2920000000000000        881.95767552069708     
  -1.2879000000000000        875.99287100568108     
  -1.2839000000000000        906.51639909601590     
  -1.2798000000000000        963.06887782955584     
  -1.2757000000000001        1022.6135220488650     
  -1.2717000000000001        1079.2552194030300     
  -1.2676000000000001        1146.0616279816982     
  -1.2635000000000001        1219.5250760528797     
  -1.2595000000000001        1258.0430839952180     
  -1.2554000000000001        1232.7966873971454     
  -1.2513000000000001        1146.4644169874687     
  -1.2472000000000001        1038.6092504159089     
  -1.2432000000000001        954.78234980311379     
  -1.2391000000000001        907.71082794025028     
  -1.2350000000000001        883.97465738976746     
  -1.2310000000000001        871.29059586432948     
  -1.2269000000000001        868.07235750322377     
  -1.2228000000000001        864.20424739091061     
  -1.2188000000000001        850.40492730717858     
  -1.2146999999999999        822.89775377321973     
  -1.2105999999999999        807.45029669762175     
  -1.2065999999999999        800.49247872636499     
  -1.2024999999999999        769.42470271870491     
  -1.1983999999999999        722.99110551567685     
  -1.1942999999999999        685.38160394067199     
  -1.1902999999999999        665.40383684979417     
  -1.1861999999999999        660.02393239468529     
  -1.1820999999999999        674.50960887782583     
  -1.1780999999999999        708.69234119670580     
  -1.1739999999999999        740.69429774612854     
  -1.1698999999999999        758.14746660962282     
  -1.1658999999999999        779.82635021120905     
  -1.1617999999999999        798.50674575263304     
  -1.1577000000000000        793.33143274460156     
  -1.1536999999999999        768.79255092087953     
  -1.1496000000000000        723.72847247760228     
  -1.1455000000000000        668.09271766965333     
  -1.1414000000000000        639.19659694186885     
  -1.1374000000000000        641.95368918921770     
  -1.1333000000000000        651.12757620306400     
  -1.1292000000000000        652.72042103271133     
  -1.1252000000000000        642.33022971224375     
  -1.1211000000000000        632.36363102465782     
  -1.1170000000000000        640.84962270163214     
  -1.1130000000000000        654.25146153927460     
  -1.1089000000000000        658.91518478918954     
  -1.1048000000000000        651.56070890090143     
  -1.1008000000000000        619.77627406920749     
  -1.0967000000000000        582.94163181613192     
  -1.0926000000000000        578.43874594558292     
  -1.0885000000000000        616.75201547772213     
  -1.0845000000000000        671.08310088494568     
  -1.0804000000000000        689.47588215506732     
  -1.0763000000000000        669.81478245882943     
  -1.0723000000000000        651.15329659715621     
  -1.0682000000000000        635.66636899802313     
  -1.0641000000000000        614.56601909378060     
  -1.0601000000000000        603.27156408095595     
  -1.0560000000000000        621.77682396535636     
  -1.0519000000000001        647.79238414893632     
  -1.0479000000000001        651.91280528647042     
  -1.0438000000000001        678.70074431288674     
  -1.0397000000000001        781.58406661966285     
  -1.0356000000000001        934.53112009776589     
  -1.0316000000000001        1002.2114794106552     
  -1.0275000000000001        892.22678022618004     
  -1.0234000000000001        721.61920033283980     
  -1.0194000000000001        628.91305389298714     
  -1.0153000000000001        608.21073858932050     
  -1.0112000000000001        613.65151608380472     
  -1.0072000000000001        624.66060288253891     
  -1.0031000000000001        648.64802871929874     
 -0.99900000000000000        670.14626291732213     
 -0.99500000000000000        658.58245813733197     
 -0.99090000000000000        623.67330588809773     
 -0.98680000000000001        599.02079722171470     
 -0.98270000000000002        578.87068406203309     
 -0.97870000000000001        547.32081689387019     
 -0.97460000000000002        535.93043788883995     
 -0.97050000000000003        550.20881486755093     
 -0.96650000000000003        537.62371933245561     
 -0.96240000000000003        495.78101168641768     
 -0.95830000000000004        473.68706619834063     
 -0.95430000000000004        492.20324723968571     
 -0.95020000000000004        519.93413758799784     
 -0.94610000000000005        534.97182100303689     
 -0.94199999999999995        531.52292199394344     
 -0.93799999999999994        515.34139417171912     
 -0.93389999999999995        505.03495556297503     
 -0.92979999999999996        496.95973092543028     
 -0.92579999999999996        495.38408140062933     
 -0.92169999999999996        520.74189936271341     
 -0.91759999999999997        539.74261953758105     
 -0.91359999999999997        526.35446130959326     
 -0.90949999999999998        499.77883026069105     
 -0.90539999999999998        486.46228763748655     
 -0.90139999999999998        512.58731250313986     
 -0.89729999999999999        550.83384680461347     
 -0.89319999999999999        558.37447917455052     
 -0.88910000000000000        553.08565278687968     
 -0.88510000000000000        553.18592516894466     
 -0.88100000000000001        548.67905741461709     
 -0.87690000000000001        542.04282298200042     
 -0.87290000000000001        536.38327627343733     
 -0.86880000000000002        525.65405562450121     
 -0.86470000000000002        519.36748981437347     
 -0.86070000000000002        526.95339053571035     
 -0.85660000000000003        547.17157501850943     
 -0.85250000000000004        576.53921261489609     
 -0.84850000000000003        606.74739680069968     
 -0.84440000000000004        616.40385556709907     
 -0.84030000000000005        595.93944146637796     
 -0.83620000000000005        562.86587631332975     
 -0.83220000000000005        537.66349107893802     
 -0.82809999999999995        519.81963617956785     
 -0.82399999999999995        510.04712146407098     
 -0.81999999999999995        507.81396928629533     
 -0.81589999999999996        509.61117467892791     
 -0.81179999999999997        518.14337582944393     
 -0.80779999999999996        539.97460993103596     
 -0.80369999999999997        565.29209901154104     
 -0.79959999999999998        567.83626990596554     
 -0.79559999999999997        559.39927298141799     
 -0.79149999999999998        572.13687338010061     
 -0.78739999999999999        610.01228802050059     
 -0.78330000000000000        650.88995748747220     
 -0.77929999999999999        672.30554267146124     
 -0.77520000000000000        662.08416019962601     
 -0.77110000000000001        628.51705862441270     
 -0.76710000000000000        594.57572747868676     
 -0.76300000000000001        572.60442098876376     
 -0.75890000000000002        559.36437329718979     
 -0.75490000000000002        544.47291294038064     
 -0.75080000000000002        518.73084386313587     
 -0.74670000000000003        504.21462876286807     
 -0.74270000000000003        526.82681778506981     
 -0.73860000000000003        558.88336922804888     
 -0.73450000000000004        562.84719655740389     
 -0.73040000000000005        545.44771258088269     
 -0.72640000000000005        527.19810962868360     
 -0.72230000000000005        512.63921354989509     
 -0.71819999999999995        510.89209917319772     
 -0.71419999999999995        535.28851041123846     
 -0.71009999999999995        570.82428566211706     
 -0.70599999999999996        591.77912765119459     
 -0.70199999999999996        604.27628242099695     
 -0.69789999999999996        604.67715233868660     
 -0.69379999999999997        577.11190460018906     
 -0.68979999999999997        548.36699856009761     
 -0.68569999999999998        547.24111903913035     
 -0.68159999999999998        559.14047448806866     
 -0.67749999999999999        573.50967885940929     
 -0.67349999999999999        593.86762350404535     
 -0.66940000000000000        616.40238318166257     
 -0.66530000000000000        632.68600146405299     
 -0.66130000000000000        635.48628955377490     
 -0.65720000000000001        617.78969329798554     
 -0.65310000000000001        591.25772927573485     
 -0.64910000000000001        586.98595545791932     
 -0.64500000000000002        592.78909863572176     
 -0.64090000000000003        588.48504524053146     
 -0.63690000000000002        589.57661565413923     
 -0.63280000000000003        612.37761598808856     
 -0.62870000000000004        630.77088416988556     
 -0.62460000000000004        626.45214925939979     
 -0.62060000000000004        614.52603137598896     
 -0.61650000000000005        598.72793142923081     
 -0.61240000000000006        588.09567322930468     
 -0.60840000000000005        606.48014276688639     
 -0.60429999999999995        642.08078577841570     
 -0.60019999999999996        650.53463315634610     
 -0.59619999999999995        640.82983750205040     
 -0.59209999999999996        655.75482591396451     
 -0.58799999999999997        693.76805963321215     
 -0.58389999999999997        733.84755986249252     
 -0.57989999999999997        774.40867450437236     
 -0.57579999999999998        811.88501191344051     
 -0.57169999999999999        829.07551451804227     
 -0.56769999999999998        831.30117232605232     
 -0.56359999999999999        854.79639702807140     
 -0.55950000000000000        913.16954818254055     
 -0.55549999999999999        997.14421979617714     
 -0.55140000000000000        1091.8373296658774     
 -0.54730000000000001        1195.6367602828677     
 -0.54330000000000001        1340.2866079188814     
 -0.53920000000000001        1522.3578961371929     
 -0.53510000000000002        1688.8453710747572     
 -0.53100000000000003        1829.4315439698628     
 -0.52700000000000002        2000.6341939059378     
 -0.52290000000000003        2274.9725320921239     
 -0.51880000000000004        2681.6193351187317     
 -0.51480000000000004        3219.4521146168690     
 -0.51070000000000004        3943.5744815078433     
 -0.50660000000000005        4953.0924596609475     
 -0.50260000000000005        6314.6204991525274     
 -0.49850000000000000        8010.7036471882284     
 -0.49440000000000001        9820.1705981789273     
 -0.49040000000000000        11271.678763938826     
 -0.48630000000000001        11823.347015187659     
 -0.48220000000000002        11247.106159906063     
 -0.47810000000000002        9832.4853224746385     
 -0.47410000000000002        8139.1342334847195     
 -0.46999999999999997        6607.3020969466716     
 -0.46589999999999998        5414.6408936363578     
 -0.46189999999999998        4574.4373203535897     
 -0.45779999999999998        4023.8006175446576     
 -0.45369999999999999        3650.6842379470309     
 -0.44969999999999999        3334.8149871799960     
 -0.44560000000000000        2995.8199261142536     
 -0.44150000000000000        2646.2334055900092     
 -0.43750000000000000        2355.2158986499358     
 -0.43340000000000001        2139.0453392811974     
 -0.42930000000000001        1960.8244735495373     
 -0.42520000000000002        1795.4284349137176     
 -0.42120000000000002        1638.3930840308274     
 -0.41710000000000003        1499.2066239251776     
 -0.41299999999999998        1399.2061830287707     
 -0.40899999999999997        1344.2943361246657     
 -0.40489999999999998        1298.2983861352643     
 -0.40079999999999999        1238.7690489798792     
 -0.39679999999999999        1197.1823987212874     
 -0.39269999999999999        1193.6397883924944     
 -0.38860000000000000        1193.0951027224148     
 -0.38460000000000000        1165.8219252252425     
 -0.38050000000000000        1129.4647398237701     
 -0.37640000000000001        1107.1857545963110     
 -0.37230000000000002        1125.8954788521633     
 -0.36830000000000002        1203.7120372682562     
 -0.36420000000000002        1343.5629113000261     
 -0.36009999999999998        1629.4762337295786     
 -0.35610000000000003        2248.0932725849530     
 -0.35199999999999998        3349.2157240212882     
 -0.34789999999999999        4698.9257651003500     
 -0.34389999999999998        5544.2429274549313     
 -0.33979999999999999        5339.8150066441076     
 -0.33570000000000000        4380.3042987419403     
 -0.33169999999999999        3313.2752391755598     
 -0.32760000000000000        2501.2677081141824     
 -0.32350000000000001        2005.6524923209197     
 -0.31940000000000002        1770.6988403844455     
 -0.31540000000000001        1727.4792380105287     
 -0.31130000000000002        1842.6605570955644     
 -0.30719999999999997        2167.8151836351381     
 -0.30320000000000003        2848.2169290893307     
 -0.29909999999999998        4013.1365223283137     
 -0.29499999999999998        5587.8727321783063     
 -0.29099999999999998        7185.9110228750669     
 -0.28689999999999999        8320.7227998035942     
 -0.28280000000000000        8744.5299615779968     
 -0.27870000000000000        8582.7615459008957     
 -0.27470000000000000        8324.6837799528184     
 -0.27060000000000001        8517.4799052805629     
 -0.26650000000000001        9194.3618126758247     
 -0.26250000000000001        9754.8236367958125     
 -0.25840000000000002        9575.6744805956369     
 -0.25430000000000003        8532.8388672116962     
 -0.25030000000000002        6980.2353759519265     
 -0.24620000000000000        5484.2295197900767     
 -0.24210000000000001        4396.0152854181670     
 -0.23810000000000001        3715.3446999022653     
 -0.23400000000000001        3324.5408170397259     
 -0.22989999999999999        3119.2420126965553     
 -0.22580000000000000        3039.0801614656643     
 -0.22180000000000000        3105.6814949991249     
 -0.21770000000000000        3424.3959508194253     
 -0.21360000000000001        4139.0148208339297     
 -0.20960000000000001        5208.6437646863569     
 -0.20549999999999999        6176.7976109672773     
 -0.20140000000000000        6393.8121122910352     
 -0.19739999999999999        5696.8735412456017     
 -0.19330000000000000        4652.5579816851814     
 -0.18920000000000001        3879.2516236091183     
 -0.18520000000000000        3495.9006474626676     
 -0.18110000000000001        3329.8224285984488     
 -0.17699999999999999        3221.2802007597688     
 -0.17290000000000000        3107.7463359659960     
 -0.16889999999999999        2980.5988237807810     
 -0.16480000000000000        2837.3049213700197     
 -0.16070000000000001        2709.6263561352407     
 -0.15670000000000001        2657.3995226952889     
 -0.15260000000000001        2711.5978308913323     
 -0.14849999999999999        2909.2646225782173     
 -0.14449999999999999        3338.6475753160776     
 -0.14040000000000000        4106.0792568453735     
 -0.13630000000000000        5071.9285946212340     
 -0.13230000000000000        5584.9668173568361     
 -0.12820000000000001        5222.4117291856137     
 -0.12410000000000000        4436.2402380295880     
 -0.12000000000000000        3743.8524593923107     
 -0.11600000000000001        3219.8556240931443     
 -0.11190000000000000        2842.5700592112435     
 -0.10780000000000001        2606.3074812508262     
 -0.10380000000000000        2502.1881525939107     
  -9.9699999999999997E-002   2510.0339533348742     
  -9.5600000000000004E-002   2522.7359755764733     
  -9.1600000000000001E-002   2441.3157352034336     
  -8.7499999999999994E-002   2317.5016967388965     
  -8.3400000000000002E-002   2221.2561253322110     
  -7.9399999999999998E-002   2154.6516632995686     
  -7.5300000000000006E-002   2112.1703750635429     
  -7.1199999999999999E-002   2104.5693397505383     
  -6.7100000000000007E-002   2133.3795882280501     
  -6.3100000000000003E-002   2184.0647515672276     
  -5.8999999999999997E-002   2228.8690729622949     
  -5.4899999999999997E-002   2230.0567223038429     
  -5.0900000000000001E-002   2184.4012630862658     
  -4.6800000000000001E-002   2129.6209261720237     
  -4.2700000000000002E-002   2109.2770338396567     
  -3.8699999999999998E-002   2137.9344452152336     
  -3.4599999999999999E-002   2234.7335837507453     
  -3.0499999999999999E-002   2390.9442877593547     
  -2.6499999999999999E-002   2533.3967885100378     
  -2.2400000000000000E-002   2614.1340594129711     
  -1.8300000000000000E-002   2656.5880879023330     
  -1.4200000000000001E-002   2675.4601818814904     
  -1.0200000000000001E-002   2598.1610014739254     
  -6.1000000000000004E-003   2353.6866141973342     
  -2.0000000000000000E-003   1995.4208894425660     
   2.0300000000000001E-003   1649.2467341352124     
   6.1000000000000004E-003   1397.9369410856782     
   1.0170000000000000E-002   1253.4408973161705     
   1.4239999999999999E-002   1184.3513592818010     
   1.8310000000000000E-002   1139.9018501409673     
   2.2380000000000001E-002   1095.5199269675647     
   2.6450000000000001E-002   1062.5701985481205     
   3.0519999999999999E-002   1038.8807097446452     
   3.4590000000000003E-002   995.48172130951036     
   3.8660000000000000E-002   919.16779249605554     
   4.2729999999999997E-002   850.43671775816222     
   4.6800000000000001E-002   819.81471511809809     
   5.0869999999999999E-002   809.21275619765890     
   5.4930000000000000E-002   803.00317973730921     
   5.9010000000000000E-002   794.28772737466159     
   6.3070000000000001E-002   785.09809357199651     
   6.7140000000000005E-002   781.96519394755694     
   7.1209999999999996E-002   789.89180418974763     
   7.5280000000000000E-002   808.88848281441688     
   7.9350000000000004E-002   812.60191522044772     
   8.3419999999999994E-002   792.11620144896347     
   8.7489999999999998E-002   774.26915778181478     
   9.1560000000000002E-002   772.95803020151800     
   9.5630000000000007E-002   774.16239066502601     
   9.9699999999999997E-002   762.63861807323576     
  0.10377000000000000        737.69928255801551     
  0.10784000000000001        714.85781251360129     
  0.11191000000000000        700.18285031796484     
  0.11597000000000000        701.02428292580225     
  0.12003999999999999        730.37133770503135     
  0.12411000000000000        768.59036125525802     
  0.12817999999999999        785.60505213569309     
  0.13225000000000001        786.90481687189538     
  0.13632000000000000        794.52710441131455     
  0.14038999999999999        809.50509823786069     
  0.14446000000000001        810.03255170905379     
  0.14853000000000000        786.78395035081928     
  0.15260000000000001        757.91913141528687     
  0.15667000000000000        732.85270344132039     
  0.16073999999999999        713.48247399801778     
  0.16481000000000001        703.05687772457588     
  0.16888000000000000        709.22362965085779     
  0.17294999999999999        728.47112352091153     
  0.17702000000000001        737.47922877227495     
  0.18107999999999999        738.98612076818631     
  0.18515000000000001        740.66227872944125     
  0.18922000000000000        733.29304217582182     
  0.19328999999999999        740.62653638518259     
  0.19736000000000001        774.32489324388530     
  0.20143000000000000        787.04105283578701     
  0.20549999999999999        757.73338638706855     
  0.20957000000000001        720.47981267876366     
  0.21364000000000000        711.50431035545489     
  0.21770999999999999        723.05223263380105     
  0.22178000000000000        713.16944901924603     
  0.22585000000000000        684.31550846849325     
  0.22992000000000001        667.43137184718819     
  0.23399000000000000        661.90984338363000     
  0.23805000000000001        653.90487403389761     
  0.24212000000000000        648.26950596711674     
  0.24618999999999999        658.02323795834809     
  0.25025999999999998        685.80169993103482     
  0.25433000000000000        735.41732113787577     
  0.25840000000000002        829.03233777873072     
  0.26246999999999998        945.29456663193071     
  0.26654000000000000        974.10353642764403     
  0.27061000000000002        864.45061165239053     
  0.27467999999999998        739.56213229971183     
  0.27875000000000000        694.65770481365143     
  0.28282000000000002        686.57393724822191     
  0.28688999999999998        670.67354628485475     
  0.29096000000000000        648.40688657928206     
  0.29503000000000001        632.62449505280858     
  0.29909000000000002        636.79230619446685     
  0.30315999999999999        638.38135884572705     
  0.30723000000000000        617.86793410921791     
  0.31130000000000002        602.72629458473057     
  0.31536999999999998        595.03427461153262     
  0.31944000000000000        594.36505786462590     
  0.32351000000000002        615.73849999503852     
  0.32757999999999998        635.28846529621592     
  0.33165000000000000        625.41657586336328     
  0.33572000000000002        603.20929888594674     
  0.33978999999999998        598.23722394194385     
  0.34386000000000000        596.91505768769150     
  0.34793000000000002        588.33863255068400     
  0.35199999999999998        578.62008996265820     
  0.35607000000000000        565.68452324516670     
  0.36013000000000001        563.38759245065535     
  0.36420000000000002        569.06407725943689     
  0.36826999999999999        571.24422314325602     
  0.37234000000000000        562.28089432237289     
  0.37641000000000002        543.19349715122269     
  0.38047999999999998        535.73509257928549     
  0.38455000000000000        554.05437728598577     
  0.38862000000000002        588.02333292101207     
  0.39268999999999998        602.54830559721790     
  0.39676000000000000        578.52077003694262     
  0.40083000000000002        560.58912620581623     
  0.40489999999999998        567.15032429513030     
  0.40897000000000000        556.35154392275911     
  0.41304000000000002        529.29700373787932     
  0.41710999999999998        530.04109503997154     
  0.42118000000000000        559.22214156564576     
  0.42524000000000001        585.64026090933282     
  0.42931000000000002        601.41987862111660     
  0.43337999999999999        612.19034471568955     
  0.43745000000000001        622.89535032032825     
  0.44152000000000002        638.28776050367776     
  0.44558999999999999        650.79962800636827     
  0.44966000000000000        655.85239044111051     
  0.45373000000000002        650.42640679693102     
  0.45779999999999998        634.27474197141123     
  0.46187000000000000        622.66775724206525     
  0.46594000000000002        624.47704877590263     
  0.47000999999999998        639.24036314452303     
  0.47408000000000000        651.31170865472654     
  0.47814000000000001        648.84467356757318     
  0.48221999999999998        642.72590345657329     
  0.48627999999999999        642.65242582386668     
  0.49035000000000001        642.84418057463108     
  0.49442000000000003        641.62837596857491     
  0.49848999999999999        638.86614226830579     
  0.50256000000000001        623.13406017299667     
  0.50663000000000002        601.48440501691482     
  0.51070000000000004        588.41815876447924     
  0.51476999999999995        578.42385143193928     
  0.51883999999999997        559.91619759507955     
  0.52290999999999999        540.01822437871544     
  0.52698000000000000        531.17735811630894     
  0.53105000000000002        539.46769125530443     
  0.53512000000000004        554.43411559934759     
  0.53918999999999995        564.45984217354930     
  0.54325999999999997        581.51408924054635     
  0.54732000000000003        612.84931199800747     
  0.55139000000000005        623.46637316583906     
  0.55545999999999995        591.27543446181380     
  0.55952999999999997        543.68035870321194     
  0.56359999999999999        516.74245915046379     
  0.56767000000000001        534.04769883115478     
  0.57174000000000003        568.63351111396003     
  0.57581000000000004        570.42977522368915     
  0.57987999999999995        546.76817352372632     
  0.58394999999999997        523.84122828334534     
  0.58801999999999999        508.05602393055511     
  0.59209000000000001        512.66969198503239     
  0.59616000000000002        532.87985091396695     
  0.60023000000000004        560.98220674064385     
  0.60428999999999999        620.30044821202489     
  0.60836000000000001        778.17326586065224     
  0.61243000000000003        1111.9924102743348     
  0.61650000000000005        1480.8488469900551     
  0.62056999999999995        1480.7447229491136     
  0.62463999999999997        1108.1010923640806     
  0.62870999999999999        786.94013447569205     
  0.63278000000000001        643.54462453212523     
  0.63685000000000003        584.55874624638545     
  0.64092000000000005        567.72899471312076     
  0.64498999999999995        572.81674103762543     
  0.64905999999999997        577.91841337652670     
  0.65312999999999999        579.49656237908493     
  0.65720000000000001        584.89721380638798     
  0.66125999999999996        581.32673102055639     
  0.66532999999999998        555.89192619536448     
  0.66940000000000000        528.07766173903894     
  0.67347000000000001        520.35987313510611     
  0.67754000000000003        535.25209317106078     
  0.68161000000000005        549.70361145810966     
  0.68567999999999996        549.28036822761521     
  0.68974999999999997        540.31142084462692     
  0.69381999999999999        533.96659334303968     
  0.69789000000000001        542.69761481253772     
  0.70196000000000003        550.22791711080845     
  0.70603000000000005        542.31957233689752     
  0.71009999999999995        528.56177032154426     
  0.71416999999999997        523.83324612479498     
  0.71823999999999999        530.13240929000563     
  0.72230000000000005        532.76000868926133     
  0.72636999999999996        535.16164518978962     
  0.73043999999999998        550.29037343425728     
  0.73451000000000000        563.59878543234663     
  0.73858000000000001        562.76097888275683     
  0.74265000000000003        543.85674470339063     
  0.74672000000000005        508.40730674213592     
  0.75078999999999996        496.93301144916194     
  0.75485999999999998        516.28639164604203     
  0.75892999999999999        520.06914842630113     
  0.76300000000000001        500.45375287845241     
  0.76707000000000003        481.59626503846232     
  0.77114000000000005        467.20781860841868     
  0.77520999999999995        453.57220100893039     
  0.77927999999999997        459.92096513738852     
  0.78334000000000004        481.56754306718278     
  0.78741000000000005        487.73578522197590     
  0.79147999999999996        482.33300637297395     
  0.79554999999999998        484.75760859743190     
  0.79962000000000000        487.13508183638947     
  0.80369000000000002        485.30121616977971     
  0.80776000000000003        491.46507681975908     
  0.81183000000000005        513.73103464897554     
  0.81589999999999996        537.36054575769879     
  0.81996999999999998        542.20230091127814     
  0.82403999999999999        542.61207609150858     
  0.82811000000000001        552.72995997162286     
  0.83218000000000003        558.01917145198945     
  0.83625000000000005        550.12733933731408     
  0.84031999999999996        543.61701157428115     
  0.84438999999999997        546.02165597096700     
  0.84845000000000004        538.39698110992958     
  0.85251999999999994        517.68132475494838     
  0.85658999999999996        499.86028960917400     
  0.86065999999999998        472.78269586572338     
  0.86473000000000000        434.63533644613148     
  0.86880000000000002        423.86706196405640     
  0.87287000000000003        444.05173411085008     
  0.87694000000000005        455.73070941833259     
  0.88100999999999996        445.45002772078783     
  0.88507999999999998        441.74837083983368     
  0.88915000000000000        469.51582796628423     
  0.89322000000000001        502.90450926432248     
  0.89729000000000003        514.77761340340555     
  0.90136000000000005        504.54377870760345     
  0.90542999999999996        470.37124002139672     
  0.90949000000000002        435.26771184557367     
  0.91356000000000004        422.08081685772498     
  0.91762999999999995        420.76226151836511     
  0.92169999999999996        438.33407908360732     
  0.92576999999999998        482.53202238446943     
  0.92984000000000000        507.62963752774260     
  0.93391000000000002        496.12365036698424     
  0.93798000000000004        479.12152807833075     
  0.94205000000000005        465.46014145293441     
  0.94611999999999996        455.83633990644682     
  0.95018999999999998        449.20977803098270     
  0.95426000000000000        445.58081455803983     
  0.95833000000000002        456.42390970086217     
  0.96240000000000003        469.12541344670336     
  0.96645999999999999        470.51357497124911     
  0.97053000000000000        487.76128425714137     
  0.97460000000000002        525.20035025884897     
  0.97867000000000004        544.51089910127689     
  0.98273999999999995        523.71057507024807     
  0.98680999999999996        482.41299444695073     
  0.99087999999999998        450.52532046175730     
  0.99495000000000000        440.53167790490596     
  0.99902000000000002        440.68296311050881     
   1.0030900000000000        449.88358669412901     
   1.0071600000000001        477.11096335592043     
   1.0112300000000001        495.19760492295688     
   1.0153000000000001        480.28568146418922     
   1.0193700000000001        446.28148840582816     
   1.0234399999999999        429.95487266179032     
   1.0275000000000001        456.66021833194742     
   1.0315700000000001        508.26427006477059     
   1.0356399999999999        545.64295388303424     
   1.0397099999999999        559.94539536546552     
   1.0437799999999999        551.62255198979346     
   1.0478499999999999        534.78236477442408     
   1.0519200000000000        550.25565538785213     
   1.0559900000000000        593.71794432287095     
   1.0600600000000000        616.97922654069293     
   1.0641300000000000        594.68827086702026     
   1.0682000000000000        562.69790439200358     
   1.0722700000000001        559.59933357931538     
   1.0763400000000001        579.62276614768336     
   1.0804100000000001        601.21671287284232     
   1.0844800000000001        615.96675120418126     
   1.0885400000000001        619.64363777363974     
   1.0926100000000001        613.35740877824833     
   1.0966800000000001        606.85737500653715     
   1.1007499999999999        597.43787593109221     
   1.1048199999999999        584.07010772353578     
   1.1088899999999999        578.88096993906015     
   1.1129599999999999        583.58135843967023     
   1.1170300000000000        585.70295628489612     
   1.1211000000000000        583.13798851066906     
   1.1251700000000000        586.57461630050477     
   1.1292400000000000        591.50677723480726     
   1.1333100000000000        587.76773167461761     
   1.1373800000000001        580.65879251903289     
   1.1414500000000001        595.24980362174381     
   1.1455200000000001        630.14812179915896     
   1.1495800000000000        655.83556601081068     
   1.1536500000000001        686.13542925385480     
   1.1577200000000001        751.46402558915202     
   1.1617900000000001        832.84648931370407     
   1.1658599999999999        891.93652690220529     
   1.1699299999999999        921.83367196575171     
   1.1739999999999999        923.16908617037177     
   1.1780700000000000        899.10933082722443     
   1.1821400000000000        881.44166935063276     
   1.1862100000000000        882.46326682117922     
   1.1902800000000000        880.60139799139108     
   1.1943500000000000        870.06517345068971     
   1.1984200000000000        856.76505467313439     
   1.2024900000000001        834.09188774057520     
   1.2065600000000001        803.80329675206019     
   1.2106200000000000        787.13507469527815     
   1.2146900000000000        793.00282126771685     
   1.2187600000000001        802.81677339106909     
   1.2228300000000001        793.62572372274724     
   1.2269000000000001        767.82642330216822     
   1.2309699999999999        742.93692543439249     
   1.2350399999999999        739.04038452531029     
   1.2391099999999999        786.19346820049441     
   1.2431800000000000        884.52802316266434     
   1.2472500000000000        993.39613032331329     
   1.2513200000000000        1079.0174871463907     
   1.2553900000000000        1165.3108982746483     
   1.2594600000000000        1291.5400559926416     
   1.2635300000000000        1434.2540531878553     
   1.2676000000000001        1536.4443921130996     
   1.2716600000000000        1554.7260537369800     
   1.2757300000000000        1486.0407481970299     
   1.2798000000000000        1373.4717473899073     
   1.2838700000000001        1279.4277991912522     
   1.2879400000000001        1239.9721839789404     
   1.2920100000000001        1236.0142049138949     
   1.2960799999999999        1231.0978691759860     
   1.3001499999999999        1207.4074659040298     
   1.3042199999999999        1170.2141489890007     
   1.3082900000000000        1129.8510929195791     
   1.3123600000000000        1097.6031216749134     
   1.3164300000000000        1080.0465427619870     
   1.3205000000000000        1066.9056098892286     
   1.3245600000000000        1048.2946367665422     
   1.3286400000000000        1022.0970190131162     
   1.3327000000000000        990.67692246405682     
   1.3367700000000000        972.44307717400500     
   1.3408400000000000        984.58361704464278     
   1.3449100000000000        1013.8257914606131     
   1.3489800000000001        1050.1973424023490     
   1.3530500000000001        1121.6220131529226     
   1.3571200000000001        1253.5272141702501     
   1.3611899999999999        1421.5321272747854     
   1.3652599999999999        1560.2804658301466     
   1.3693299999999999        1614.3132622990554     
   1.3734000000000000        1570.3898043072784     
   1.3774700000000000        1447.5645609572318     
   1.3815400000000000        1297.8374339207676     
   1.3855999999999999        1181.8464947886841     
   1.3896700000000000        1134.8324083684022     
   1.3937400000000000        1134.7708242331521     
   1.3978100000000000        1117.3286246555665     
   1.4018800000000000        1086.1268581394793     
   1.4059500000000000        1078.5783262023599     
   1.4100200000000001        1081.1441401621564     
   1.4140900000000001        1059.9208562977649     
   1.4181600000000001        1012.9120485689618     
   1.4222300000000001        966.39637247106771     
   1.4262999999999999        928.62815717746878     
   1.4303699999999999        903.60270556874673     
   1.4344399999999999        885.61405875087087     
   1.4385100000000000        874.75911793837679     
   1.4425800000000000        896.77863559773891     
   1.4466399999999999        950.09572148999234     
   1.4507099999999999        1010.4613875004389     
   1.4547800000000000        1066.8326148317362     
   1.4588500000000000        1130.6682798683371     
   1.4629200000000000        1204.9197385979467     
   1.4669900000000000        1255.0726706312309     
   1.4710600000000000        1243.5983434522800     
   1.4751300000000001        1168.5670545003763     
   1.4792000000000001        1060.9067086490304     
   1.4832700000000001        969.04074812700514     
   1.4873400000000001        915.57663598737577     
   1.4914099999999999        887.38032593509342     
   1.4954799999999999        873.57491316312178     
   1.4995499999999999        867.98193645050821     
   1.5036099999999999        865.91224611076643     
   1.5076799999999999        854.64529190017424     
   1.5117499999999999        828.69773893161505     
   1.5158199999999999        809.28711162463685     
   1.5198900000000000        802.71694153554984     
   1.5239600000000000        778.79577446462633     
   1.5280300000000000        732.50388332740590     
   1.5321000000000000        692.13322569263710     
   1.5361700000000000        668.17864619654097     
   1.5402400000000001        660.04620025339716     
   1.5443100000000001        669.36875121938385     
   1.5483800000000001        700.67895317868408     
   1.5524500000000001        735.45143932003077     
   1.5565199999999999        754.56704970787064     
   1.5605899999999999        774.66761243725239     
   1.5646500000000001        796.01295401546133     
   1.5687199999999999        796.61579808339673     
   1.5727899999999999        775.26725870597579     
   1.5768599999999999        735.32520715098531     
   1.5809299999999999        678.73862978886916     
   1.5850000000000000        642.14611365867063     
   1.5890700000000000        640.01810307588653     
   1.5931400000000000        649.52991026186464     
   1.5972100000000000        653.42865796524302     
   1.6012800000000000        645.12656398274532     
   1.6053500000000001        633.34887462972188     
   1.6094200000000001        637.60203205717073     
   1.6134900000000001        652.19679854554738     
   1.6175600000000001        658.54765076243359     
   1.6216299999999999        654.89588518351161     
   1.6256900000000001        628.34865989869684     
   1.6297600000000001        589.07835374528429     
   1.6338299999999999        575.67435106205335     
   1.6378999999999999        605.64801043897967     
   1.6419699999999999        661.00785971007372     
   1.6460399999999999        689.90488512529021     
   1.6501100000000000        674.91689050189325     
   1.6541800000000000        654.39048294851057     
   1.6582500000000000        639.41757882791512     
   1.6623200000000000        619.15531645087503     
   1.6663900000000000        603.42918655447954     
   1.6704600000000001        615.77590629601707     
   1.6745300000000001        643.89804046121662     
   1.6786000000000001        651.73754804338273     
   1.6826700000000001        667.53154943681125     
   1.6867399999999999        753.03220827114160     
   1.6908000000000001        903.30493454726172     
   1.6948700000000001        1002.6776128276352     
   1.6989399999999999        927.13630056247041     
   1.7030099999999999        753.83373336230466     
   1.7070799999999999        640.82750708407218     
   1.7111499999999999        609.18907589595335     
   1.7152200000000000        611.82868670699008     
   1.7192900000000000        621.60530715642938     
   1.7233600000000000        642.50535912326109     
   1.7274300000000000        667.73294740242386     
   1.7315000000000000        664.04859017127558     
   1.7355700000000001        631.15279096581571     
   1.7396400000000001        602.89609632011252     
   1.7437100000000001        584.25987328303131     
   1.7477799999999999        553.85275726420662     
   1.7518400000000001        535.05067526869470     
   1.7559100000000001        547.68628470858005     
   1.7599800000000001        543.98048014031235     
   1.7640499999999999        504.72398651549292     
   1.7681199999999999        474.73590954633869     
   1.7721899999999999        486.08440733311045     
   1.7762600000000000        514.89255388113440     
   1.7803300000000000        533.09319553652051     
   1.7844000000000000        533.94234860628478     
   1.7884700000000000        518.71544487891822     
   1.7925400000000000        506.57966449174728     
   1.7966100000000000        498.92909393225403     
   1.8006800000000001        493.63306388456061     
   1.8047500000000001        514.00727415354766     
   1.8088200000000001        538.53243610441712     
   1.8128800000000000        531.13132615061647     
   1.8169500000000001        505.37675973722060     
   1.8210200000000001        486.44966075688535     
   1.8250900000000001        504.07294158538679     
   1.8291599999999999        544.63846988030639     
   1.8332299999999999        559.15407899590991     
   1.8372999999999999        553.67007301281569     
   1.8413700000000000        553.25613375525768     
   1.8454400000000000        550.13092513041897     
   1.8495100000000000        543.23682331182931     
   1.8535800000000000        537.91352232532631     
   1.8576500000000000        528.13780185980079     
   1.8617200000000000        519.62612404198296     
   1.8657900000000001        524.17653912756680     
   1.8698600000000001        541.99424297069390     
   1.8739200000000000        569.73980472402081     
   1.8779900000000000        601.24186686169844     
   1.8820600000000001        617.00852851435491     
   1.8861300000000001        602.23158777565789     
   1.8902000000000001        569.63825764140915     
   1.8942699999999999        542.18785771190926     
   1.8983399999999999        523.12316262193212     
   1.9024099999999999        511.29416386742321     
   1.9064800000000000        507.94801112302673     
   1.9105500000000000        508.82608986453653     
   1.9146200000000000        515.43664925115093     
   1.9186900000000000        534.18076167464994     
   1.9227600000000000        561.19354524301013     
   1.9268300000000000        569.36502417768338     
   1.9309000000000001        560.25881585986917     
   1.9349600000000000        566.90952560758387     
   1.9390300000000000        600.80131732577161     
   1.9431000000000000        643.20966300390410     
   1.9471700000000001        670.19942451164945     
   1.9512400000000001        666.88324706532478     
   1.9553100000000001        636.43765356669621     
   1.9593799999999999        600.91151961001788     
   1.9634499999999999        576.29859139299003     
   1.9675199999999999        561.85778551482713     
   1.9715900000000000        548.50273987353182     
   1.9756600000000000        524.59208396554118     
   1.9797300000000000        504.40492511288244     
   1.9838000000000000        519.54147364254675     
   1.9878600000000000        553.73499285642004     
   1.9919400000000000        564.62383051576842     
   1.9960000000000000        549.65785940732769     
   2.0000700000000000        530.80107247467288     
   2.0041400000000000        515.21199375455797     
   2.0082100000000001        509.29610566455136     
   2.0122800000000001        528.10038381235790     
   2.0163500000000001        564.03429491228519     
   2.0204200000000001        588.57125105012437     
   2.0244900000000001        601.90839702421431     
   2.0285600000000001        606.84837383813851     
   2.0326300000000002        584.61777692737280     
   2.0367000000000002        552.42493527290242     
   2.0407700000000002        545.53655742763522     
   2.0448400000000002        556.48008463544522     
   2.0489000000000002        569.99986125386977     
   2.0529700000000002        589.11714308671833     
   2.0570400000000002        611.83740050630502     
   2.0611100000000002        630.14109566385093     
   2.0651799999999998        636.38407148555575     
   2.0692499999999998        623.30215692896604     
   2.0733199999999998        595.75563518701313     
   2.0773899999999998        585.89487024367315     
   2.0814599999999999        592.29126397193033     
   2.0855299999999999        589.86705791854979     
   2.0895999999999999        587.55614056621869     
   2.0936699999999999        606.48805919639415     
   2.0977399999999999        628.94796708886372     
   2.1018100000000000        628.51562368880423     
   2.1058800000000000        617.30395495893822     
   2.1099500000000000        602.35088572107054     
   2.1140099999999999        588.61601638524746     
   2.1180800000000000        599.77858318067615     
   2.1221500000000000        635.57568260900678     
   2.1262200000000000        651.73656540078161     
   2.1302900000000000        641.88008617639127     
   2.1343600000000000        649.83324811412763     
   2.1384300000000001        685.07316233320762     
   2.1425000000000001        725.44131853011720     
   2.1465700000000001        765.63989318068809     
   2.1506400000000001        805.02976698161569     
   2.1547100000000001        827.57226016258039     
   2.1587800000000001        830.27208491372585     
   2.1628500000000002        846.75444745973869     
   2.1669200000000002        898.23342652970530     
   2.1709800000000001        977.81250855421911     
   2.1750500000000001        1071.5040355671899     
   2.1791200000000002        1171.3644760995987     
   2.1831900000000002        1305.0905305919275     
   2.1872600000000002        1483.2127855268268     
   2.1913299999999998        1656.4910676430875     
   2.1953999999999998        1799.5814349170714     
   2.1994699999999998        1957.7426895422641     
   2.2035399999999998        2205.6461668771303     
   2.2076099999999999        2584.4992058712110     
   2.2116799999999999        3092.6905567996746     
   2.2157499999999999        3768.9894814205941     
   2.2198199999999999        4710.5677429965608     
   2.2238899999999999        5994.5518230615971     
   2.2279599999999999        7629.1961731888368     
   2.2320300000000000        9446.5456764534538     
   2.2360899999999999        11022.071514748328     
   2.2401599999999999        11800.719016363617     
   2.2442299999999999        11456.389481315229     
   2.2483000000000000        10175.799034639527     
   2.2523700000000000        8496.2652885821117     
   2.2564400000000000        6907.0640796120597     
   2.2605100000000000        5637.6346019324501     
   2.2645800000000000        4725.7353240210969     
   2.2686500000000001        4121.7180662758628     
   2.2727200000000001        3721.3874884484749     
   2.2767900000000001        3402.2583387550449     
   2.2808600000000001        3070.7727902658344     
   2.2849300000000001        2717.7458855951859     
   2.2890000000000001        2410.0846336917143     
   2.2930600000000001        2180.4225196527059     
   2.2971300000000001        1997.2050995227116     
   2.3012000000000001        1829.9178546101280     
   2.3052700000000002        1670.8341690342647     
   2.3093400000000002        1526.2903714792051     
   2.3134100000000002        1416.2482537278206     
   2.3174800000000002        1353.5671303288657     
   2.3215499999999998        1309.3868604521601     
   2.3256199999999998        1251.4314360631811     
   2.3296899999999998        1202.6346053368500     
   2.3337599999999998        1192.3959426112874     
   2.3378299999999999        1195.2598832843753     
   2.3418999999999999        1173.3703310316364     
   2.3459699999999999        1136.6607081122418     
   2.3500399999999999        1109.6140748691632     
   2.3541099999999999        1117.0055124639769     
   2.3581699999999999        1182.5706120934656     
   2.3622399999999999        1306.3817308520743     
   2.3663099999999999        1548.1060814922650     
   2.3703799999999999        2078.4712727218066     
   2.3744499999999999        3077.1732045452673     
   2.3785200000000000        4424.6891298548790     
   2.3825900000000000        5445.9129806162973     
   2.3866600000000000        5467.7897836543098     
   2.3907300000000000        4613.0554687700769     
   2.3948000000000000        3525.0364502917259     
   2.3988700000000001        2646.6723951351187     
   2.4029400000000001        2086.6207110017704     
   2.4070100000000001        1802.5575245281732     
   2.4110700000000000        1723.1643534552063     
   2.4151400000000001        1804.0792049156589     
   2.4192100000000001        2074.7220063754557     
   2.4232800000000001        2665.7517539320993     
   2.4273500000000001        3723.9910644925621     
   2.4314200000000001        5234.1488096633339     
   2.4354900000000002        6870.4333586554685     
   2.4395600000000002        8136.0137776202173     
   2.4436300000000002        8713.6938721478509     
   2.4477000000000002        8646.0964750311177     
   2.4517699999999998        8356.2517649177080     
   2.4558399999999998        8425.5546142032072     
   2.4599099999999998        9034.2186172408401     
   2.4639799999999998        9682.5254427289146     
   2.4680499999999999        9690.3110350106454     
   2.4721199999999999        8814.6660156230228     
   2.4761799999999998        7324.3313232619885     
   2.4802499999999998        5773.6389628165662     
   2.4843199999999999        4589.6851781552332     
   2.4883899999999999        3831.7602491431885     
   2.4924599999999999        3388.9178829842313     
   2.4965299999999999        3151.4542551900327     
   2.5005999999999999        3045.8737292458004     
   2.5046700000000000        3075.2361091796793     
   2.5087400000000000        3327.7498256700433     
   2.5128100000000000        3950.5335855020371     
   2.5168800000000000        4967.9194366320298     
   2.5209500000000000        6014.3484895114525     
   2.5250200000000000        6431.3750164661178     
   2.5290900000000001        5900.3284400449202     
   2.5331500000000000        4866.1272219828961     
   2.5372200000000000        4007.7062987062886     
   2.5412900000000000        3552.3388508329081     
   2.5453600000000001        3356.2952232558200     
   2.5494300000000001        3244.0275602837291     
   2.5535000000000001        3132.8521705023372     
   2.5575700000000001        3009.0986360601446     
   2.5616400000000001        2868.3299665050722     
   2.5657100000000002        2732.2842558122670     
   2.5697800000000002        2660.1527720276863     
   2.5738500000000002        2690.0831116532386     
   2.5779200000000002        2851.5800773564888     
   2.5819899999999998        3222.0348890454343     
   2.5860599999999998        3913.7043060170345     
   2.5901299999999998        4877.4533988132762     
   2.5941999999999998        5548.7463901386027     
   2.5982599999999998        5359.3430444248588     
   2.6023299999999998        4605.1953921299055     
   2.6063999999999998        3875.5300559401794     
   2.6104699999999998        3318.8755171010630     
   2.6145399999999999        2910.5224165798786     
   2.6186099999999999        2645.3795377589940     
   2.6226799999999999        2513.3664786447885     
   2.6267499999999999        2502.9233051804167     
   2.6308199999999999        2526.7256736006102     
   2.6348900000000000        2465.6477292965160     
   2.6389600000000000        2342.6280639421852     
   2.6430300000000000        2238.7561961216188     
   2.6471000000000000        2166.9129925736288     
   2.6511700000000000        2118.7218789618673     
   2.6552300000000000        2102.8468490365531     
   2.6593000000000000        2124.8183096203056     
   2.6633700000000000        2172.5137434963472     
   2.6674400000000000        2221.9306745270837     
   2.6715100000000001        2234.3937840667932     
   2.6755800000000001        2196.5477753313580     
   2.6796500000000001        2139.4800102760441     
   2.6837200000000001        2109.7144682049834     
   2.6877900000000001        2127.0451983265411     
   2.6918600000000001        2207.6616526131238     
   2.6959300000000002        2356.0454373322636     
   2.7000000000000002        2507.8647218380702     
   2.7040700000000002        2601.6794183908855     
   2.7081400000000002        2648.8471734714799     
   2.7122000000000002        2675.9120275654209     
   2.7162700000000002        2627.6773538206535     
   2.7203400000000002        2418.9608145527973     
   2.7244100000000002        2074.7269315442477     
   2.7284799999999998        1716.4878035179615     
   2.7325499999999998        1441.9621651936804     
   2.7366199999999998        1276.3154389189297     
   2.7406899999999998        1195.2646292776567     
   2.7447599999999999        1149.3050042684899     
   2.7488299999999999        1104.4961592540699     
   2.7528999999999999        1068.2142973275108     
   2.7569699999999999        1044.3882092555780     
   2.7610399999999999        1007.8211475049112     
   2.7651100000000000        936.68508809071056     
   2.7691800000000000        861.94215613978372     
   2.7732500000000000        823.75375500108828     
   2.7773099999999999        810.83257649053564     
   2.7813800000000000        804.33223428829660     
   2.7854500000000000        796.46733030640269     
   2.7895200000000000        786.65529728811953     
   2.7935900000000000        781.98108662586844     
   2.7976600000000000        786.88656717187769     
   2.8017300000000001        805.03436408338928     
   2.8058000000000001        814.28306158701128     
   2.8098700000000001        797.31874966825069     
   2.8139400000000001        776.59568530559557     
   2.8180100000000001        772.36410911705684     
   2.8220800000000001        774.59860703798824     
   2.8261500000000002        766.51779499717588     
   2.8302200000000002        743.38955323031996     
   2.8342800000000001        718.98471047020951     
   2.8383500000000002        702.56906521424412     
   2.8424200000000002        698.58781479429501     
   2.8464900000000002        722.16305606458764     
   2.8505600000000002        761.60903441210417     
   2.8546299999999998        784.06946573499340     
   2.8586999999999998        786.68532402759922     
   2.8627699999999998        791.86482879061691     
   2.8668399999999998        806.66484358696664     
   2.8709099999999999        812.14632629599828     
   2.8749799999999999        792.92032804332530     
   2.8790499999999999        763.75999778345806     
   2.8831199999999999        737.82934925396273     
   2.8871899999999999        716.95779367373382     
   2.8912599999999999        704.23820788923479     
   2.8953300000000000        706.20334917123353     
   2.8993899999999999        724.55541341026117     
   2.9034599999999999        736.83424631459798     
   2.9075299999999999        738.41928624780724     
   2.9116000000000000        740.99262284823715     
   2.9156700000000000        734.97497367110532     
   2.9197400000000000        736.18941352412583     
   2.9238100000000000        766.96372616840586     
   2.9278800000000000        788.26848639784248     
   2.9319500000000001        766.15438445862128     
   2.9360200000000001        726.87779188537093     
   2.9400900000000001        710.48090701788385     
   2.9441600000000001        721.18424200956679     
   2.9482300000000001        717.92471487271371     
   2.9523000000000001        690.19762179542931     
   2.9563600000000001        669.51136833877388     
   2.9604300000000001        663.03863895330812     
   2.9645000000000001        655.85238420858957     
   2.9685700000000002        648.54613741213848     
   2.9726400000000002        654.32482849265796     
   2.9767100000000002        678.53144020973161     
   2.9807800000000002        721.96711741006754     
   2.9848499999999998        805.01720033870936     
   2.9889199999999998        923.45106212728024     
   2.9929899999999998        980.73119122010678     
   2.9970599999999998        894.76286983718478     
   3.0011299999999999        760.07242247807255     
   3.0051999999999999        698.60774370715387     
   3.0092699999999999        688.39002200452705     
   3.0133399999999999        674.92607995583717     
   3.0174099999999999        653.15811164625472     
   3.0214699999999999        634.48362284289215     
   3.0255399999999999        634.70251994102614     
   3.0296099999999999        640.16404683402834     
   3.0336799999999999        622.81540003119358     
   3.0377500000000000        604.73683845732194     
   3.0418200000000000        596.69065193522556     
   3.0458900000000000        592.75987976444310     
   3.0499600000000000        609.97762274238687     
   3.0540300000000000        633.21177480600807     
   3.0581000000000000        629.82250457487248     
   3.0621700000000001        606.96234360420647     
   3.0662400000000001        597.99941040918702     
   3.0703100000000001        598.03031890799105     
   3.0743700000000000        590.23660814821346     
   3.0784400000000001        581.06643051266042     
   3.0825100000000001        568.09050344651246     
   3.0865800000000001        562.66050453683010     
   3.0906500000000001        567.95063731350911     
   3.0947200000000001        571.37771557310532     
   3.0987900000000002        565.47251779029409     
   3.1028600000000002        547.11569690278236     
